327.0 -367.0
312.0 -356.0
301.0 -349.0
281.0 -336.0
272.0 -331.0
248.0 -315.0
233.0 -305.0
199.0 -279.0
183.0 -265.0
167.0 -253.0
154.0 -243.0
111.0 -210.0
95.0 -198.0
55.0 -170.0
36.0 -156.0
-2.0 -132.0
-18.0 -122.0
-47.0 -108.0
-56.0 -101.0
-74.0 -92.0
-86.0 -85.0
-101.0 -73.0
-108.0 -66.0
-130.0 -49.0
-139.0 -40.0
-152.0 -28.0
-158.0 -21.0
-165.0 -9.0
-169.0 -2.0
-171.0 8.0
-174.0 16.0
-175.0 25.0
-175.0 28.0
-175.0 53.0
-175.0 59.0
-167.0 85.0
-160.0 97.0
-150.0 115.0
-138.0 131.0
-117.0 152.0
-106.0 157.0
-82.0 171.0
-66.0 177.0
-39.0 182.0
-26.0 184.0
11.0 186.0
28.0 184.0
50.0 180.0
61.0 176.0
102.0 159.0
120.0 153.0
150.0 136.0
161.0 126.0
176.0 115.0
194.0 96.0
202.0 88.0
212.0 74.0
216.0 66.0
221.0 58.0
225.0 51.0
235.0 32.0
241.0 23.0
254.0 -4.0
258.0 -16.0
268.0 -33.0
277.0 -50.0
287.0 -73.0
293.0 -81.0
299.0 -95.0
305.0 -106.0
315.0 -125.0
324.0 -144.0
332.0 -159.0
344.0 -186.0
349.0 -196.0
359.0 -217.0
364.0 -229.0
367.0 -240.0
370.0 -247.0
374.0 -257.0
376.0 -261.0
379.0 -270.0
383.0 -274.0
385.0 -279.0
386.0 -281.0
389.0 -284.0
389.0 -284.0
390.0 -284.0
391.0 -284.0
392.0 -284.0
393.0 -284.0
395.0 -282.0
401.0 -269.0
404.0 -258.0
411.0 -235.0
413.0 -231.0
416.0 -219.0
416.0 -219.0
416.0 -212.0
417.0 -209.0
417.0 -202.0
417.0 -197.0
416.0 -185.0
414.0 -176.0
407.0 -143.0
404.0 -132.0
393.0 -101.0
393.0 -101.0
381.0 -62.0
375.0 -44.0
363.0 -11.0
360.0 3.0
350.0 35.0
347.0 49.0
340.0 72.0
337.0 86.0
335.0 102.0
333.0 114.0
329.0 145.0
329.0 160.0
327.0 188.0
327.0 198.0
327.0 224.0
327.0 238.0
325.0 248.0
324.0 263.0
324.0 267.0
323.0 271.0
321.0 274.0
316.0 282.0
314.0 285.0
307.0 292.0
303.0 297.0
287.0 307.0
278.0 312.0
260.0 321.0
260.0 321.0
236.0 328.0
221.0 332.0
190.0 337.0
176.0 339.0
162.0 343.0
152.0 344.0
144.0 345.0
129.0 347.0
122.0 347.0
114.0 348.0
109.0 348.0
107.0 348.0
106.0 348.0
105.0 348.0
105.0 348.0
104.0 348.0
104.0 348.0
104.0 348.0
104.0 348.0
104.0 348.0
104.0 348.0
104.0 348.0
104.0 348.0
104.0 348.0
104.0 348.0
104.0 348.0
104.0 348.0
104.0 348.0
104.0 348.0
104.0 348.0
104.0 348.0
104.0 348.0
103.0 348.0
99.0 348.0
96.0 348.0
93.0 348.0
84.0 347.0
81.0 347.0
78.0 347.0
75.0 347.0
66.0 347.0
61.0 347.0
56.0 347.0
52.0 347.0
38.0 347.0
24.0 347.0
18.0 347.0
11.0 347.0
3.0 347.0
-6.0 347.0
-19.0 347.0
-25.0 347.0
-40.0 345.0
-50.0 344.0
-66.0 341.0
-72.0 340.0
-92.0 335.0
-101.0 334.0
-113.0 331.0
-121.0 330.0
-128.0 327.0
-136.0 325.0
-152.0 319.0
-165.0 316.0
-180.0 310.0
-190.0 307.0
-202.0 301.0
-209.0 299.0
-218.0 296.0
-223.0 295.0
-224.0 294.0
-227.0 292.0
-228.0 291.0
-229.0 291.0
-229.0 291.0
-229.0 291.0
-229.0 291.0
-229.0 289.0
-229.0 289.0
-231.0 284.0
-231.0 281.0
-232.0 275.0
-233.0 271.0
-233.0 266.0
-233.0 263.0
-233.0 258.0
-233.0 256.0
-233.0 252.0
-233.0 251.0
-233.0 249.0
-233.0 248.0
-233.0 248.0
-233.0 249.0
-233.0 251.0
-233.0 252.0
-233.0 256.0
-233.0 258.0
-233.0 263.0
-233.0 266.0
-233.0 271.0
-232.0 275.0
-231.0 281.0
-231.0 284.0
-229.0 289.0
-229.0 289.0
-229.0 291.0
-229.0 291.0
-229.0 291.0
-229.0 291.0
-228.0 291.0
-227.0 292.0
-224.0 294.0
-223.0 295.0
-218.0 296.0
-209.0 299.0
-202.0 301.0
-190.0 307.0
-180.0 310.0
-165.0 316.0
-152.0 319.0
-136.0 325.0
-128.0 327.0
-121.0 330.0
-113.0 331.0
-101.0 334.0
-92.0 335.0
-72.0 340.0
-66.0 341.0
-50.0 344.0
-40.0 345.0
-25.0 347.0
-19.0 347.0
-6.0 347.0
3.0 347.0
11.0 347.0
18.0 347.0
24.0 347.0
38.0 347.0
52.0 347.0
56.0 347.0
61.0 347.0
66.0 347.0
75.0 347.0
78.0 347.0
81.0 347.0
84.0 347.0
93.0 348.0
96.0 348.0
99.0 348.0
103.0 348.0
104.0 348.0
104.0 348.0
104.0 348.0
104.0 348.0
104.0 348.0
104.0 348.0
104.0 348.0
104.0 348.0
104.0 348.0
104.0 348.0
104.0 348.0
104.0 348.0
104.0 348.0
104.0 348.0
104.0 348.0
104.0 348.0
104.0 348.0
105.0 348.0
105.0 348.0
106.0 348.0
107.0 348.0
109.0 348.0
114.0 348.0
122.0 347.0
129.0 347.0
144.0 345.0
152.0 344.0
162.0 343.0
176.0 339.0
190.0 337.0
221.0 332.0
236.0 328.0
260.0 321.0
260.0 321.0
278.0 312.0
287.0 307.0
303.0 297.0
307.0 292.0
314.0 285.0
316.0 282.0
321.0 274.0
323.0 271.0
324.0 267.0
324.0 263.0
325.0 248.0
327.0 238.0
327.0 224.0
327.0 198.0
327.0 188.0
329.0 160.0
329.0 145.0
333.0 114.0
335.0 102.0
337.0 86.0
340.0 72.0
347.0 49.0
350.0 35.0
360.0 3.0
363.0 -11.0
375.0 -44.0
381.0 -62.0
393.0 -101.0
393.0 -101.0
404.0 -132.0
407.0 -143.0
414.0 -176.0
416.0 -185.0
417.0 -197.0
417.0 -202.0
417.0 -209.0
416.0 -212.0
416.0 -219.0
416.0 -219.0
413.0 -231.0
411.0 -235.0
404.0 -258.0
401.0 -269.0
395.0 -282.0
393.0 -284.0
392.0 -284.0
391.0 -284.0
390.0 -284.0
389.0 -284.0
389.0 -284.0
386.0 -281.0
385.0 -279.0
383.0 -274.0
379.0 -270.0
376.0 -261.0
374.0 -257.0
370.0 -247.0
367.0 -240.0
364.0 -229.0
359.0 -217.0
349.0 -196.0
344.0 -186.0
332.0 -159.0
324.0 -144.0
315.0 -125.0
305.0 -106.0
299.0 -95.0
293.0 -81.0
287.0 -73.0
277.0 -50.0
268.0 -33.0
258.0 -16.0
254.0 -4.0
241.0 23.0
235.0 32.0
225.0 51.0
221.0 58.0
216.0 66.0
212.0 74.0
202.0 88.0
194.0 96.0
176.0 115.0
161.0 126.0
150.0 136.0
120.0 153.0
102.0 159.0
61.0 176.0
50.0 180.0
28.0 184.0
11.0 186.0
-26.0 184.0
-39.0 182.0
-66.0 177.0
-82.0 171.0
-106.0 157.0
-117.0 152.0
-138.0 131.0
-150.0 115.0
-160.0 97.0
-167.0 85.0
-175.0 59.0
-175.0 53.0
-175.0 28.0
-175.0 25.0
-174.0 16.0
-171.0 8.0
-169.0 -2.0
-165.0 -9.0
-158.0 -21.0
-152.0 -28.0
-139.0 -40.0
-130.0 -49.0
-108.0 -66.0
-101.0 -73.0
-86.0 -85.0
-74.0 -92.0
-56.0 -101.0
-47.0 -108.0
-18.0 -122.0
-2.0 -132.0
36.0 -156.0
55.0 -170.0
95.0 -198.0
111.0 -210.0
154.0 -243.0
167.0 -253.0
183.0 -265.0
199.0 -279.0
233.0 -305.0
248.0 -315.0
272.0 -331.0
281.0 -336.0
301.0 -349.0
312.0 -356.0
327.0 -367.0
